tempo 71428
note 0 2 1 76 64
note 3 5 1 76 64
note 9 11 1 76 64
note 15 17 1 72 64
note 18 20 1 76 64
note 24 26 1 79 64
note 48 50 1 72 64
note 57 59 1 67 64
note 66 68 1 64 64
note 75 77 1 69 64
note 81 83 1 71 64
note 87 89 1 70 64
note 90 92 1 69 64
note 96 98 1 67 64
note 100 102 1 76 64
note 104 106 1 79 64
note 108 110 1 81 64
note 114 116 1 77 64
note 117 119 1 79 64
note 123 125 1 76 64
note 129 131 1 72 64
note 132 134 1 74 64
note 135 137 1 71 64
note 144 146 1 72 64
note 153 155 1 67 64
note 162 164 1 64 64
note 171 173 1 69 64
note 177 179 1 71 64
note 183 185 1 70 64
note 186 188 1 69 64
note 192 194 1 67 64
note 196 198 1 76 64
note 200 202 1 79 64
note 204 206 1 81 64
note 210 212 1 77 64
note 213 215 1 79 64
note 219 221 1 76 64
note 225 227 1 72 64
note 228 230 1 74 64
note 231 233 1 71 64
note 246 248 1 79 64
note 249 251 1 78 64
note 252 254 1 77 64
note 255 257 1 75 64
note 261 263 1 76 64
note 267 269 1 68 64
note 270 272 1 69 64
note 273 275 1 72 64
note 279 281 1 69 64
note 282 284 1 72 64
note 285 287 1 74 64
note 294 296 1 79 64
note 297 299 1 78 64
note 300 302 1 77 64
note 303 305 1 75 64
note 309 311 1 76 64
note 315 317 1 84 64
note 321 323 1 84 64
note 324 326 1 84 64
note 342 344 1 79 64
note 345 347 1 78 64
note 348 350 1 77 64
note 351 353 1 75 64
note 357 359 1 76 64
note 363 365 1 68 64
note 366 368 1 69 64
note 369 371 1 72 64
note 375 377 1 69 64
note 378 380 1 72 64
note 381 383 1 74 64
note 390 392 1 75 64
note 399 401 1 74 64
note 408 410 1 72 64
note 438 440 1 79 64
note 441 443 1 78 64
note 444 446 1 77 64
note 447 449 1 75 64
note 453 455 1 76 64
note 459 461 1 68 64
note 462 464 1 69 64
note 465 467 1 72 64
note 471 473 1 69 64
note 474 476 1 72 64
note 477 479 1 74 64
note 486 488 1 79 64
note 489 491 1 78 64
note 492 494 1 77 64
note 495 497 1 75 64
note 501 503 1 76 64
note 507 509 1 84 64
note 513 515 1 84 64
note 516 518 1 84 64
note 534 536 1 79 64
note 537 539 1 78 64
note 540 542 1 77 64
note 543 545 1 75 64
note 549 551 1 76 64
note 555 557 1 68 64
note 558 560 1 69 64
note 561 563 1 72 64
note 567 569 1 69 64
note 570 572 1 72 64
note 573 575 1 74 64
note 582 584 1 75 64
note 591 593 1 74 64
note 600 602 1 72 64
note 624 626 1 72 64
note 627 629 1 72 64
note 633 635 1 72 64
note 639 641 1 72 64
note 642 644 1 74 64
note 648 650 1 76 64
note 651 653 1 72 64
note 657 659 1 69 64
note 660 662 1 67 64
note 672 674 1 72 64
note 675 677 1 72 64
note 681 683 1 72 64
note 687 689 1 72 64
note 690 692 1 74 64
note 693 695 1 76 64
note 720 722 1 72 64
note 723 725 1 72 64
note 729 731 1 72 64
note 735 737 1 72 64
note 738 740 1 74 64
note 744 746 1 76 64
note 747 749 1 72 64
note 753 755 1 69 64
note 756 758 1 67 64
note 768 770 1 76 64
note 771 773 1 76 64
note 777 779 1 76 64
note 783 785 1 72 64
note 786 788 1 76 64
note 792 794 1 79 64
note 816 818 1 72 64
note 825 827 1 67 64
note 834 836 1 64 64
note 843 845 1 69 64
note 849 851 1 71 64
note 855 857 1 70 64
note 858 860 1 69 64
note 864 866 1 67 64
note 868 870 1 76 64
note 872 874 1 79 64
note 876 878 1 81 64
note 882 884 1 77 64
note 885 887 1 79 64
note 891 893 1 76 64
note 897 899 1 72 64
note 900 902 1 74 64
note 903 905 1 71 64
note 912 914 1 72 64
note 921 923 1 67 64
note 930 932 1 64 64
note 939 941 1 69 64
note 945 947 1 71 64
note 951 953 1 70 64
note 954 956 1 69 64
note 960 962 1 67 64
note 964 966 1 76 64
note 968 970 1 79 64
note 972 974 1 81 64
note 978 980 1 77 64
note 981 983 1 79 64
note 987 989 1 76 64
note 993 995 1 72 64
note 996 998 1 74 64
note 999 1001 1 71 64
note 1008 1010 1 76 64
note 1011 1013 1 72 64
note 1017 1019 1 67 64
note 1026 1028 1 68 64
note 1032 1034 1 69 64
note 1035 1037 1 77 64
note 1041 1043 1 77 64
note 1044 1046 1 69 64
note 1056 1058 1 71 64
note 1060 1062 1 81 64
note 1064 1066 1 81 64
note 1068 1070 1 81 64
note 1072 1074 1 79 64
note 1076 1078 1 77 64
note 1080 1082 1 76 64
note 1083 1085 1 72 64
note 1089 1091 1 69 64
note 1092 1094 1 67 64
note 1104 1106 1 76 64
note 1107 1109 1 72 64
note 1113 1115 1 67 64
note 1122 1124 1 68 64
note 1128 1130 1 69 64
note 1131 1133 1 77 64
note 1137 1139 1 77 64
note 1140 1142 1 69 64
note 1152 1154 1 71 64
note 1155 1157 1 77 64
note 1161 1163 1 77 64
note 1164 1166 1 77 64
note 1168 1170 1 76 64
note 1172 1174 1 74 64
note 1176 1178 1 72 64
note 1200 1202 1 76 64
note 1203 1205 1 72 64
note 1209 1211 1 67 64
note 1218 1220 1 68 64
note 1224 1226 1 69 64
note 1227 1229 1 77 64
note 1233 1235 1 77 64
note 1236 1238 1 69 64
note 1248 1250 1 71 64
note 1252 1254 1 81 64
note 1256 1258 1 81 64
note 1260 1262 1 81 64
note 1264 1266 1 79 64
note 1268 1270 1 77 64
note 1272 1274 1 76 64
note 1275 1277 1 72 64
note 1281 1283 1 69 64
note 1284 1286 1 67 64
note 1296 1298 1 76 64
note 1299 1301 1 72 64
note 1305 1307 1 67 64
note 1314 1316 1 68 64
note 1320 1322 1 69 64
note 1323 1325 1 77 64
note 1329 1331 1 77 64
note 1332 1334 1 69 64
note 1344 1346 1 71 64
note 1347 1349 1 77 64
note 1353 1355 1 77 64
note 1356 1358 1 77 64
note 1360 1362 1 76 64
note 1364 1366 1 74 64
note 1368 1370 1 72 64
note 1392 1394 1 72 64
note 1395 1397 1 72 64
note 1401 1403 1 72 64
note 1407 1409 1 72 64
note 1410 1412 1 74 64
note 1416 1418 1 76 64
note 1419 1421 1 72 64
note 1425 1427 1 69 64
note 1428 1430 1 67 64
note 1440 1442 1 72 64
note 1443 1445 1 72 64
note 1449 1451 1 72 64
note 1455 1457 1 72 64
note 1458 1460 1 74 64
note 1461 1463 1 76 64
note 1488 1490 1 72 64
note 1491 1493 1 72 64
note 1497 1499 1 72 64
note 1503 1505 1 72 64
note 1506 1508 1 74 64
note 1512 1514 1 76 64
note 1515 1517 1 72 64
note 1521 1523 1 69 64
note 1524 1526 1 67 64
note 1536 1538 1 76 64
note 1539 1541 1 76 64
note 1545 1547 1 76 64
note 1551 1553 1 72 64
note 1554 1556 1 76 64
note 1560 1562 1 79 64
note 1584 1586 1 76 64
note 1587 1589 1 72 64
note 1593 1595 1 67 64
note 1602 1604 1 68 64
note 1608 1610 1 69 64
note 1611 1613 1 77 64
note 1617 1619 1 77 64
note 1620 1622 1 69 64
note 1632 1634 1 71 64
note 1636 1638 1 81 64
note 1640 1642 1 81 64
note 1644 1646 1 81 64
note 1648 1650 1 79 64
note 1652 1654 1 77 64
note 1656 1658 1 76 64
note 1659 1661 1 72 64
note 1665 1667 1 69 64
note 1668 1670 1 67 64
note 1680 1682 1 76 64
note 1683 1685 1 72 64
note 1689 1691 1 67 64
note 1698 1700 1 68 64
note 1704 1706 1 69 64
note 1707 1709 1 77 64
note 1713 1715 1 77 64
note 1716 1718 1 69 64
note 1728 1730 1 71 64
note 1731 1733 1 77 64
note 1737 1739 1 77 64
note 1740 1742 1 77 64
note 1744 1746 1 76 64
note 1748 1750 1 74 64
note 1752 1754 1 72 64
note 0 2 2 66 64
note 3 5 2 66 64
note 9 11 2 66 64
note 15 17 2 66 64
note 18 20 2 66 64
note 24 26 2 71 64
note 36 38 2 67 64
note 48 50 2 64 64
note 57 59 2 60 64
note 66 68 2 55 64
note 75 77 2 60 64
note 81 83 2 62 64
note 87 89 2 61 64
note 90 92 2 60 64
note 96 98 2 60 64
note 100 102 2 67 64
note 104 106 2 71 64
note 108 110 2 72 64
note 114 116 2 69 64
note 117 119 2 71 64
note 123 125 2 69 64
note 129 131 2 64 64
note 132 134 2 65 64
note 135 137 2 62 64
note 144 146 2 64 64
note 153 155 2 60 64
note 162 164 2 55 64
note 171 173 2 60 64
note 177 179 2 62 64
note 183 185 2 61 64
note 186 188 2 60 64
note 192 194 2 60 64
note 196 198 2 67 64
note 200 202 2 71 64
note 204 206 2 72 64
note 210 212 2 69 64
note 213 215 2 71 64
note 219 221 2 69 64
note 225 227 2 64 64
note 228 230 2 65 64
note 231 233 2 62 64
note 246 248 2 76 64
note 249 251 2 75 64
note 252 254 2 74 64
note 255 257 2 71 64
note 261 263 2 72 64
note 267 269 2 64 64
note 270 272 2 65 64
note 273 275 2 67 64
note 279 281 2 60 64
note 282 284 2 64 64
note 285 287 2 65 64
note 294 296 2 76 64
note 297 299 2 75 64
note 300 302 2 74 64
note 303 305 2 71 64
note 309 311 2 72 64
note 315 317 2 77 64
note 321 323 2 77 64
note 324 326 2 77 64
note 342 344 2 76 64
note 345 347 2 75 64
note 348 350 2 74 64
note 351 353 2 71 64
note 357 359 2 72 64
note 363 365 2 64 64
note 366 368 2 65 64
note 369 371 2 67 64
note 375 377 2 60 64
note 378 380 2 64 64
note 381 383 2 65 64
note 390 392 2 68 64
note 399 401 2 65 64
note 408 410 2 64 64
note 438 440 2 76 64
note 441 443 2 75 64
note 444 446 2 74 64
note 447 449 2 71 64
note 453 455 2 72 64
note 459 461 2 64 64
note 462 464 2 65 64
note 465 467 2 67 64
note 471 473 2 60 64
note 474 476 2 64 64
note 477 479 2 65 64
note 486 488 2 76 64
note 489 491 2 75 64
note 492 494 2 74 64
note 495 497 2 71 64
note 501 503 2 72 64
note 507 509 2 77 64
note 513 515 2 77 64
note 516 518 2 77 64
note 534 536 2 76 64
note 537 539 2 75 64
note 540 542 2 74 64
note 543 545 2 71 64
note 549 551 2 72 64
note 555 557 2 64 64
note 558 560 2 65 64
note 561 563 2 67 64
note 567 569 2 60 64
note 570 572 2 64 64
note 573 575 2 65 64
note 582 584 2 68 64
note 591 593 2 65 64
note 600 602 2 64 64
note 624 626 2 68 64
note 627 629 2 68 64
note 633 635 2 68 64
note 639 641 2 68 64
note 642 644 2 70 64
note 648 650 2 67 64
note 651 653 2 64 64
note 657 659 2 64 64
note 660 662 2 60 64
note 672 674 2 68 64
note 675 677 2 68 64
note 681 683 2 68 64
note 687 689 2 68 64
note 690 692 2 70 64
note 693 695 2 67 64
note 720 722 2 68 64
note 723 725 2 68 64
note 729 731 2 68 64
note 735 737 2 68 64
note 738 740 2 70 64
note 744 746 2 67 64
note 747 749 2 64 64
note 753 755 2 64 64
note 756 758 2 60 64
note 768 770 2 66 64
note 771 773 2 66 64
note 777 779 2 66 64
note 783 785 2 66 64
note 786 788 2 66 64
note 792 794 2 71 64
note 804 806 2 67 64
note 816 818 2 64 64
note 825 827 2 60 64
note 834 836 2 55 64
note 843 845 2 60 64
note 849 851 2 62 64
note 855 857 2 61 64
note 858 860 2 60 64
note 864 866 2 60 64
note 868 870 2 67 64
note 872 874 2 71 64
note 876 878 2 72 64
note 882 884 2 69 64
note 885 887 2 71 64
note 891 893 2 69 64
note 897 899 2 64 64
note 900 902 2 65 64
note 903 905 2 62 64
note 912 914 2 64 64
note 921 923 2 60 64
note 930 932 2 55 64
note 939 941 2 60 64
note 945 947 2 62 64
note 951 953 2 61 64
note 954 956 2 60 64
note 960 962 2 60 64
note 964 966 2 67 64
note 968 970 2 71 64
note 972 974 2 72 64
note 978 980 2 69 64
note 981 983 2 71 64
note 987 989 2 69 64
note 993 995 2 64 64
note 996 998 2 65 64
note 999 1001 2 62 64
note 1008 1010 2 72 64
note 1011 1013 2 69 64
note 1017 1019 2 64 64
note 1026 1028 2 64 64
note 1032 1034 2 65 64
note 1035 1037 2 72 64
note 1041 1043 2 72 64
note 1044 1046 2 65 64
note 1056 1058 2 67 64
note 1060 1062 2 77 64
note 1064 1066 2 77 64
note 1068 1070 2 77 64
note 1072 1074 2 76 64
note 1076 1078 2 74 64
note 1080 1082 2 72 64
note 1083 1085 2 69 64
note 1089 1091 2 65 64
note 1092 1094 2 64 64
note 1104 1106 2 72 64
note 1107 1109 2 69 64
note 1113 1115 2 64 64
note 1122 1124 2 64 64
note 1128 1130 2 65 64
note 1131 1133 2 72 64
note 1137 1139 2 72 64
note 1140 1142 2 65 64
note 1152 1154 2 67 64
note 1155 1157 2 74 64
note 1161 1163 2 74 64
note 1164 1166 2 74 64
note 1168 1170 2 72 64
note 1172 1174 2 71 64
note 1176 1178 2 67 64
note 1179 1181 2 64 64
note 1185 1187 2 64 64
note 1188 1190 2 60 64
note 1200 1202 2 72 64
note 1203 1205 2 69 64
note 1209 1211 2 64 64
note 1218 1220 2 64 64
note 1224 1226 2 65 64
note 1227 1229 2 72 64
note 1233 1235 2 72 64
note 1236 1238 2 65 64
note 1248 1250 2 67 64
note 1252 1254 2 77 64
note 1256 1258 2 77 64
note 1260 1262 2 77 64
note 1264 1266 2 76 64
note 1268 1270 2 74 64
note 1272 1274 2 72 64
note 1275 1277 2 69 64
note 1281 1283 2 65 64
note 1284 1286 2 64 64
note 1296 1298 2 72 64
note 1299 1301 2 69 64
note 1305 1307 2 64 64
note 1314 1316 2 64 64
note 1320 1322 2 65 64
note 1323 1325 2 72 64
note 1329 1331 2 72 64
note 1332 1334 2 65 64
note 1344 1346 2 67 64
note 1347 1349 2 74 64
note 1353 1355 2 74 64
note 1356 1358 2 74 64
note 1360 1362 2 72 64
note 1364 1366 2 71 64
note 1368 1370 2 67 64
note 1371 1373 2 64 64
note 1377 1379 2 64 64
note 1380 1382 2 60 64
